candidate_rows=699
old222_zero_new_nonzero_count=223
96	1	1610612604,0,0,0
96	2	1073740931,0,0,0
96	3	1577051891,0,0,0
97	1	201327111,0,0,0
97	2	1879051013,0,0,0
97	3	1241533471,0,0,0
98	1	1946155810,0,0,0
98	2	201314460,0,0,0
98	3	1946076607,0,0,0
99	1	335533600,0,0,0
99	2	1409213001,0,0,0
99	3	1534587711,0,0,0
100	1	1342222948,0,0,0
100	2	335777275,0,0,0
100	3	1645751722,0,0,0
101	1	67007837,0,0,0
101	2	2079390803,0,0,0
101	3	983300494,0,0,0
102	1	535999018,0,0,0
102	2	1067812946,0,0,0
102	3	1534460066,0,0,0
103	1	959510196,0,0,0
103	2	1578660942,0,0,0
103	3	1193740309,0,0,0
104	1	327360961,0,0,0
104	2	1732235649,0,0,0
104	3	880730814,0,0,0
105	1	2144249238,0,0,0
105	2	1734632793,0,0,0
105	3	551724166,0,0,0
106	1	1104951900,0,0,0
106	2	253426471,0,0,0
106	3	766669969,0,0,0
107	1	2122305740,0,0,0
107	2	1563650144,0,0,0
107	3	357887137,0,0,0
108	1	185074373,0,0,0
108	2	829009007,0,0,0
108	3	1262370351,0,0,0
109	1	622173538,0,0,0
109	2	904962166,0,0,0
109	3	161769668,0,0,0
110	1	868474734,0,0,0
110	2	177656012,0,0,0
110	3	1206253926,0,0,0
111	1	2280466,0,0,0
111	2	84506619,0,0,0
111	3	692982564,0,0,0
112	1	1295250047,0,0,0
112	2	1115680471,0,0,0
112	3	1252364378,0,0,0
113	1	949742607,0,0,0
113	2	34984116,0,0,0
113	3	1570746562,0,0,0
114	1	1879048178,0,0,0
114	2	1610612646,0,0,0
114	3	1342176640,0,0,0
115	1	1442840659,0,0,0
115	2	637534672,0,0,0
115	3	185570016,0,0,0
116	1	1744830217,0,0,0
116	2	402650343,0,0,0
116	3	2013247554,0,0,0
117	1	469757582,0,0,0
117	2	1275037991,0,0,0
117	3	1140631702,0,0,0
118	1	939550714,0,0,0
118	2	134348257,0,0,0
118	3	671967785,0,0,0
128	1	1744829965,0,0,0
128	2	402647459,0,0,0
128	3	2013228890,0,0,0
129	1	469753112,0,0,0
129	2	1275007537,0,0,0
129	3	1140412502,0,0,0
130	1	939577338,0,0,0
130	2	134478817,0,0,0
130	3	672847145,0,0,0
131	1	1576929295,0,0,0
131	2	233404469,0,0,0
131	3	23877163,0,0,0
132	1	803012612,0,0,0
132	2	1595015197,0,0,0
132	3	693403862,0,0,0
133	1	1118306298,0,0,0
133	2	366215137,0,0,0
133	3	785858345,0,0,0
134	1	603979786,0,0,0
134	2	469762111,0,0,0
134	3	452,0,0,0
135	1	1291845623,0,0,0
135	2	1023410091,0,0,0
135	3	285252988,0,0,0
136	1	939524137,0,0,0
136	2	134217947,0,0,0
136	3	1744831966,0,0,0
137	1	1744830386,0,0,0
137	2	402652526,0,0,0
137	3	402648720,0,0,0
138	1	805306092,0,0,0
138	2	1610610861,0,0,0
138	3	805292882,0,0,0
139	1	1442841262,0,0,0
139	2	637538117,0,0,0
139	3	1509976715,0,0,0
140	1	1744829141,0,0,0
140	2	402642011,0,0,0
140	3	2013190154,0,0,0
141	1	469757612,0,0,0
141	2	1275038021,0,0,0
141	3	1140631382,0,0,0
142	1	939536122,0,0,0
142	2	134281697,0,0,0
142	3	671528105,0,0,0
143	1	461352220,0,0,0
143	2	1266500417,0,0,0
143	3	745364907,0,0,0
144	1	805234692,0,0,0
144	2	1610125341,0,0,0
144	3	801799382,0,0,0
145	1	1275250682,0,0,0
145	2	470775777,0,0,0
145	3	342581545,0,0,0
146	1	1744490501,0,0,0
146	2	399781931,0,0,0
146	3	1993793834,0,0,0
147	1	468625412,0,0,0
147	2	1267279901,0,0,0
147	3	1084614102,0,0,0
148	1	942604282,0,0,0
148	2	150601697,0,0,0
148	3	783646505,0,0,0
149	1	1739390981,0,0,0
149	2	356712491,0,0,0
149	3	1701134634,0,0,0
150	1	786956292,0,0,0
150	2	1485832221,0,0,0
150	3	2054947029,0,0,0
160	1	1879051188,0,0,0
160	2	268451394,0,0,0
160	3	1342286770,0,0,0
161	1	1342171979,0,0,0
161	2	805261590,0,0,0
161	3	1878743973,0,0,0
162	1	1610594824,0,0,0
162	2	1073620027,0,0,0
162	3	1609736364,0,0,0
163	1	738241781,0,0,0
163	2	1275320514,0,0,0
163	3	337303290,0,0,0
164	1	1342092299,0,0,0
164	2	804588630,0,0,0
164	3	1874180693,0,0,0
165	1	939239944,0,0,0
165	2	400706107,0,0,0
165	3	120168877,0,0,0
166	1	1879818228,0,0,0
166	2	272531394,0,0,0
166	3	1370316370,0,0,0
167	1	1005274379,0,0,0
167	2	458278230,0,0,0
167	3	2136437353,0,0,0
168	1	1606025224,0,0,0
168	2	1042546747,0,0,0
168	3	1386152364,0,0,0
169	1	414318581,0,0,0
169	2	1004404674,0,0,0
169	3	1121484370,0,0,0
170	1	1320419339,0,0,0
170	2	621543510,0,0,0
170	3	632816213,0,0,0
171	1	866779144,0,0,0
171	2	2051670074,0,0,0
171	3	830030251,0,0,0
172	1	2076180468,0,0,0
172	2	1317011394,0,0,0
172	3	2103443029,0,0,0
173	1	994050059,0,0,0
173	2	12582997,0,0,0
173	3	651166283,0,0,0
174	1	1610612779,0,0,0
174	2	1073742121,0,0,0
174	3	1342179430,0,0,0
175	1	2013265983,0,0,0
175	2	939524464,0,0,0
175	3	891857432,0,0,0
176	1	1073741612,0,0,0
176	2	1073739683,0,0,0
176	3	1073727704,0,0,0
177	1	1073739731,0,0,0
177	2	1073727551,0,0,0
177	3	1878945368,0,0,0
178	1	8988,0,0,0
178	2	1073787656,0,0,0
178	3	537182638,0,0,0
179	1	536850994,0,0,0
179	2	536676805,0,0,0
179	3	804010200,0,0,0
180	1	2147311447,0,0,0
180	2	2146312687,0,0,0
180	3	1602199539,0,0,0
181	1	1074417164,0,0,0
181	2	3671925,0,0,0
181	3	562229938,0,0,0
182	1	1072125392,0,0,0
182	2	1057998143,0,0,0
182	3	969337604,0,0,0
192	1	1485700491,0,0,0
192	2	653835292,0,0,0
192	3	1796816629,0,0,0
193	1	1030540218,0,0,0
193	2	304910649,0,0,0
193	3	1347679094,0,0,0
194	1	163496203,0,0,0
194	2	559745836,0,0,0
194	3	940196566,0,0,0
195	1	366107711,0,0,0
195	2	366107711,0,0,0
195	3	1392342758,0,0,0
199	3	696171379,0,0,0
207	3	1421827513,0,0,0
214	1	1073741816,0,0,0
214	2	1073741816,0,0,0
